accuracy: 0.3125	precision: 0.09765625	recall: 0.3125	f1: 0.1488095238095238	average_val_loss: 0.7122509181499481	average_train_loss: 0.7520817334835346	
accuracy: 0.3125	precision: 0.09765625	recall: 0.3125	f1: 0.1488095238095238	average_val_loss: 0.7148882746696472	average_train_loss: 0.7180553399599515	
